1
7
8
2
10
2
6
5
10
10
2
8
1
4
7
9
4
3
4
6
7
7
9
4
4
9
10
10
5
4
1
7
2
4
9
8
6
5
5
5
1
4
9
6
10
1
10
4
5
3
5
2
7
7
4
10
1
4
3
9
6
9
6
1
5
4
9
5
10
6
8
7
10
8
7
5
3
6
9
8
6
6
7
6
4
8
1
7
8
10
7
2
5
3
3
5
10
10
6
9
8
1
2
2
5
8
4
3
10
9
9
5
9
4
1
1
6
4
2
5
9
6
9
7
10
4
4
5
8
2
2
6
2
9
1
7
7
6
1
9
6
2
9
5
4
7
9
8
7
8
5
10
9
9
5
3
6
2
10
5
10
9
1
7
7
3
9
6
5
6
4
2
5
6
8
7
3
2
8
3
7
5
7
4
2
7
7
1
10
3
7
5
7
9
2
10
6
10
6
1
9
9
7
5
2
10
3
2
6
8
7
2
9
5
3
6
4
8
7
4
9
5
10
3
1
10
3
8
5
2
10
8
10
7
2
2
9
2
8
3
6
3
7
2
3
10
4
2
2
5
1
7
1
1
3
2
4
9
9
4
8
4
8
3
9
9
10
7
5
2
3
4
5
1
2
3
4
8
2
3
9
4
9
5
3
10
6
2
9
10
6
4
10
6
4
4
7
4
7
6
1
5
10
1
5
9
1
4
3
1
3
10
4
8
2
5
3
2
8
9
8
9
10
2
6
1
9
9
5
2
1
9
6
7
6
2
10
9
2
9
5
5
4
6
3
9
4
7
8
3
5
7
3
9
6
9
4
7
4
1
6
8
4
4
3
2
5
4
2
7
9
1
1
8
8
5
2
1
4
1
8
1
2
6
9
3
6
2
7
5
4
2
10
9
7
3
1
7
2
10
5
2
8
6
8
5
6
4
10
3
1
8
1
1
1
1
9
3
7
5
5
2
7
7
1
1
10
9
3
1
7
10
2
8
7
1
7
3
9
7
2
5
7
3
8
10
1
7
6
9
10
8
10
7
5
10
2
7
9
7
10
9
9
10
7
4
7
3
4
5
1
8
8
6
10
1
6
9
10
1
5
2
7
7
4
3
9
10
4
2
9
1
6
10
4
2
5
1
2
4